8 0.25703125 0.59921875 0.0296875 0.10390625
3 0.2859375 0.5984375 0.02578125 0.103125
14 0.33359375 0.58671875 0.0296875 0.096875
1 0.3609375 0.58359375 0.0234375 0.09609375
2 0.25078125 0.70625 0.028125 0.09609375
1 0.284375 0.6953125 0.025 0.096875
3 0.315625 0.696875 0.02734375 0.0984375
8 0.35390625 0.684375 0.02578125 0.09140625
1 0.3859375 0.68203125 0.0234375 0.0984375
6 0.66796875 0.3875 0.01875 0.071875
5 0.6875 0.38984375 0.0203125 0.065625
16 0.72421875 0.39765625 0.0203125 0.07109375
1 0.74453125 0.3984375 0.0140625 0.071875
3 0.65 0.4578125 0.0171875 0.07109375
7 0.67421875 0.4640625 0.01875 0.07421875
3 0.6953125 0.46796875 0.02265625 0.06484375
5 0.725 0.46953125 0.01953125 0.06328125
6 0.74765625 0.4765625 0.01953125 0.078125