6 0.4234375 0.28984375 0.02421875 0.08984375
4 0.446875 0.2921875 0.02265625 0.09375
14 0.4921875 0.2890625 0.021875 0.0921875
1 0.5171875 0.28828125 0.01875 0.09296875
5 0.4125 0.384375 0.0234375 0.09453125
9 0.44140625 0.38671875 0.021875 0.08515625
1 0.46953125 0.3859375 0.01953125 0.08359375
9 0.5 0.384375 0.025 0.08359375
7 0.5296875 0.38359375 0.0234375 0.08125
6 0.90078125 0.45 0.0203125 0.0796875
4 0.92109375 0.44765625 0.0171875 0.07578125
17 0.96328125 0.44453125 0.02734375 0.07578125
1 0.98671875 0.4390625 0.015625 0.078125
4 0.88203125 0.52734375 0.01953125 0.06875
0 0.9078125 0.5265625 0.01875 0.0671875
9 0.9328125 0.52421875 0.021875 0.07109375
7 0.96171875 0.5234375 0.02265625 0.07421875
8 0.98671875 0.521875 0.0234375 0.0671875