8 0.384375 0.43359375 0.02265625 0.065625
3 0.40390625 0.43046875 0.02578125 0.0640625
16 0.440625 0.4359375 0.021875 0.07109375
1 0.459375 0.4359375 0.0140625 0.07109375
1 0.3734375 0.51015625 0.01875 0.0734375
2 0.39375 0.51171875 0.0203125 0.06171875
9 0.4203125 0.5078125 0.021875 0.06875
4 0.44765625 0.5078125 0.01484375 0.06875
6 0.47109375 0.509375 0.01640625 0.07109375
6 0.83671875 0.59140625 0.0171875 0.0640625
7 0.85234375 0.5890625 0.0203125 0.0625
14 0.88125 0.58359375 0.01484375 0.05546875
1 0.896875 0.58203125 0.01015625 0.05234375
1 0.82421875 0.653125 0.01171875 0.06015625
7 0.84140625 0.65 0.0171875 0.0515625
0 0.859375 0.6484375 0.015625 0.0546875
1 0.884375 0.6453125 0.01328125 0.05234375
3 0.90078125 0.6421875 0.01328125 0.05